base_linear_velocity: [0.0, 0.0, 0.0]
base_angular_velocity: [0.0, 0.0, 0.0]
projected_gravity: [0.0, 0.0, -1.0]
commanded_vel: [0.0, 0.0, 0.0]
joint_positions: [-0.12430937252938748, 0.5545109868049621, -0.0018846899271011408, -0.44496514797210696, -0.04460289478302004, -0.0366730332374573, 0.18040802478790274, -0.2337662935256959, -0.24862205982208252, 0.7356520891189575, 0.3917301893234253, -0.3652545213699341, -0.07633334398269653, -1.0521255683898927, 0.1837965202331544, -0.10073691368103033, -0.03176714852452278, -0.6266846084594726, 0.7695518136024475]
joint_velocity: [0.0, 0.0, 0.0, 0.0, 0.0, 0.0, 0.0, 0.0, 0.0, 0.0, 0.0, 0.0, 0.0, 0.0, 0.0, 0.0, 0.0, 0.0, 0.0]
last_action: [-0.6215468645095825, 2.772554874420166, -0.00942345429211855, -2.224825620651245, -0.22301435470581055, -0.18336522579193115, 0.9020402431488037, -1.1688315868377686, -1.2431105375289917, 3.678260326385498, 1.9586509466171265, -1.82627272605896, -0.38166671991348267, -5.260628700256348, 0.9189824461936951, -0.5036845207214355, -0.1588357388973236, -3.133423328399658, 3.8477590084075928]
shifted_action: [-0.02430937290191651, 0.45451097488403325, 0.09811530914157629, -0.544965124130249, 0.8553971290588379, 0.8633269548416138, 1.2804080486297609, 0.8662336826324464, -1.7486221075057984, -0.7643479347229003, -1.1082698106765747, -1.865254545211792, -0.07633334398269653, -4.182125740051269, 3.313796489238739, 1.459263095855713, -0.031767147779464724, -2.1866846656799317, 0.7695518016815186]
base_linear_velocity: [0.0, 0.0, 0.0]
base_angular_velocity: [0.0, 0.0, 0.0]
projected_gravity: [0.0, 0.0, -1.0]
commanded_vel: [0.0, 0.0, 0.0]
joint_positions: [-0.08023499175906182, 0.5314858019351959, 0.03974620401859283, -0.420996630191803, -0.06279160976409914, -0.02022739648818972, 0.2199654817581176, -0.25407490730285653, -0.11892855167388916, 0.5715831518173218, 0.34346675872802734, -0.25457799434661865, -0.08827969431877136, -1.0749436569213868, 0.1839467239379884, -0.08647185325622564, -0.041159551590681076, -0.650953950881958, 0.8232308626174927]
joint_velocity: [0.0, 0.0, 0.0, 0.0, 0.0, 0.0, 0.0, 0.0, 0.0, 0.0, 0.0, 0.0, 0.0, 0.0, 0.0, 0.0, 0.0, 0.0, 0.0]
last_action: [-0.40117496252059937, 2.6574289798736572, 0.19873103499412537, -2.10498309135437, -0.31395792961120605, -0.10113692283630371, 1.0998272895812988, -1.2703745365142822, -0.5946429967880249, 2.8579156398773193, 1.7173337936401367, -1.2728897333145142, -0.4413984715938568, -5.374717712402344, 0.9197331666946411, -0.4323592483997345, -0.20579776167869568, -3.254769802093506, 4.116154193878174]
shifted_action: [0.01976500749588013, 0.43148579597473147, 0.1397462069988251, -0.5209966182708741, 0.8372084140777588, 0.8797726154327393, 1.3199654579162599, 0.8459250926971436, -1.618928599357605, -0.9284168720245362, -1.1565332412719727, -1.7545779466629028, -0.08827969431877136, -4.204943542480469, 3.313946633338928, 1.4735281503200532, -0.04115955233573914, -2.2109539604187014, 0.8232308387756349]
base_linear_velocity: [0.0, 0.0, 0.0]
base_angular_velocity: [0.0, 0.0, 0.0]
projected_gravity: [0.0, 0.0, -1.0]
commanded_vel: [0.0, 0.0, 0.0]
joint_positions: [0.01943600326776504, 0.42361602783203123, 0.10983052253723144, -0.3019902348518372, -0.11453791856765749, 0.04692111015319822, 0.3113450050354003, -0.2897001266479493, 0.17206227779388428, 0.15195941925048828, 0.16911649703979492, 0.0569075345993042, -0.13345350325107574, -1.1135078620910646, 0.15431892395019542, -0.058382806777954155, -0.03851432725787163, -0.6359865093231201, 0.8859173059463501]
joint_velocity: [0.0, 0.0, 0.0, 0.0, 0.0, 0.0, 0.0, 0.0, 0.0, 0.0, 0.0, 0.0, 0.0, 0.0, 0.0, 0.0, 0.0, 0.0, 0.0]
last_action: [0.09718000888824463, 2.1180801391601562, 0.5491526126861572, -1.5099512338638306, -0.5726896524429321, 0.23460566997528076, 1.556725263595581, -1.448500633239746, 0.8603111505508423, 0.7597971558570862, 0.8455824851989746, 0.28453782200813293, -0.6672675013542175, -5.567539215087891, 0.7715950608253479, -0.2919139564037323, -0.19257164001464844, -3.1799328327178955, 4.429586410522461]
shifted_action: [0.11943600177764893, 0.32361602783203125, 0.20983052253723145, -0.4019902467727662, 0.7854620695114136, 0.9469211339950562, 1.4113450527191163, 0.8102998733520508, -1.3279377698898316, -1.3480405688285828, -1.330883502960205, -1.4430924355983734, -0.13345350027084352, -4.2435078430175786, 3.2843190121650694, 1.5016172087192536, -0.03851432800292969, -2.195986566543579, 0.8859172821044923]
base_linear_velocity: [0.0, 0.0, 0.0]
base_angular_velocity: [0.0, 0.0, 0.0]
projected_gravity: [0.0, 0.0, -1.0]
commanded_vel: [0.0, 0.0, 0.0]
joint_positions: [0.07693424224853515, 0.2051323413848877, -0.021912826597690588, 0.06771114319562913, -0.12274100780487063, 0.11649093627929685, 0.3650087356567382, -0.2140509247779847, 0.5773926973342896, -0.38273656368255615, -0.18726122379302979, 0.550758957862854, -0.07427386939525604, -0.8951421928405763, 0.0774882984161378, -0.06881004333496099, 0.002581027103587985, -0.46502441406249995, 0.8152176141738892]
joint_velocity: [0.0, 0.0, 0.0, 0.0, 0.0, 0.0, 0.0, 0.0, 0.0, 0.0, 0.0, 0.0, 0.0, 0.0, 0.0, 0.0, 0.0, 0.0, 0.0]
last_action: [0.3846712112426758, 1.0256617069244385, -0.10956413298845291, 0.3385557234287262, -0.6137049794197083, 0.5824546813964844, 1.8250434398651123, -1.0702545642852783, 2.886963367462158, -1.9136825799942017, -0.9363060593605042, 2.7537949085235596, -0.3713693618774414, -4.475711345672607, 0.38744115829467773, -0.34404999017715454, 0.012905135750770569, -2.3251216411590576, 4.076087951660156]
shifted_action: [0.17693424224853516, 0.1051323413848877, 0.07808717340230942, -0.032288855314254766, 0.7772590041160583, 1.0164909362792969, 1.4650086879730226, 0.8859490871429444, -0.9226073265075684, -1.8827365159988403, -1.6872612118721009, -0.9492410182952881, -0.07427387237548828, -4.0251422691345216, 3.2074882316589353, 1.4911900019645692, 0.002581027150154114, -2.0250243282318117, 0.8152175903320313]
base_linear_velocity: [0.0, 0.0, 0.0]
base_angular_velocity: [0.0, 0.0, 0.0]
projected_gravity: [0.0, 0.0, -1.0]
commanded_vel: [0.0, 0.0, 0.0]
joint_positions: [0.02325668334960937, 0.1326179750263691, -0.192050239443779, 0.2085060089826584, -0.14002277851104739, 0.05665413141250608, 0.19075396060943595, -0.18341026306152353, 0.7100099921226501, -0.2867729663848877, -0.2658708095550537, 0.7119520902633667, -0.04282121732831001, -0.5755416107177735, 0.027716035842895614, -0.1060126399993897, -0.007868373766541481, -0.34071666240692133, 0.6652796268463135]
joint_velocity: [0.0, 0.0, 0.0, 0.0, 0.0, 0.0, 0.0, 0.0, 0.0, 0.0, 0.0, 0.0, 0.0, 0.0, 0.0, 0.0, 0.0, 0.0, 0.0]
last_action: [0.11628341674804688, 0.6630898714065552, -0.9602512121200562, 1.0425300598144531, -0.7001139521598816, 0.2832707464694977, 0.9537699818611145, -0.9170512557029724, 3.5500500202178955, -1.4338648319244385, -1.329353928565979, 3.559760570526123, -0.21410608291625977, -2.8777074813842773, 0.13858014345169067, -0.5300634503364563, -0.039341866970062256, -1.7035831212997437, 3.3263981342315674]
shifted_action: [0.12325668334960938, 0.032617974281311024, -0.09205024242401125, 0.10850601196289064, 0.7599772095680237, 0.9566541492938996, 1.290753996372223, 0.9165897488594056, -0.7899899959564208, -1.7867729663848877, -1.765870785713196, -0.7880478858947754, -0.042821216583251956, -3.7055414962768554, 3.157716028690338, 1.4539873099327087, -0.00786837339401245, -1.9007166242599487, 0.6652796268463135]
base_linear_velocity: [0.0, 0.0, 0.0]
base_angular_velocity: [0.0, 0.0, 0.0]
projected_gravity: [0.0, 0.0, -1.0]
commanded_vel: [0.0, 0.0, 0.0]
joint_positions: [-0.020180082321166998, 0.23815660774707795, -0.1848837122321129, 0.10670131435617805, -0.22581412792205813, 0.01551464796066282, 0.035222554206848056, -0.16904315948486337, 0.7373539209365845, -0.06442487239837646, -0.17991626262664795, 0.7025404572486877, -0.04703250527381897, -0.339221591949463, -0.004111175537109268, -0.13043051719665533, -0.012998814694583416, -0.34409266948699946, 0.5644651055335999]
joint_velocity: [0.0, 0.0, 0.0, 0.0, 0.0, 0.0, 0.0, 0.0, 0.0, 0.0, 0.0, 0.0, 0.0, 0.0, 0.0, 0.0, 0.0, 0.0, 0.0]
last_action: [-0.10090042650699615, 1.1907830238342285, -0.924418568611145, 0.5335065722465515, -1.129070520401001, 0.077573262155056, 0.17611262202262878, -0.8452157974243164, 3.686769723892212, -0.3221246004104614, -0.8995814323425293, 3.512702226638794, -0.23516252636909485, -1.6961077451705933, -0.020555542781949043, -0.6521522998809814, -0.06499407440423965, -1.720463514328003, 2.8223254680633545]
shifted_action: [0.07981991469860078, 0.13815660476684571, -0.084883713722229, 0.006701314449310297, 0.6741858959197998, 0.9155146524310113, 1.1352225244045258, 0.9309568405151368, -0.7626460552215576, -1.5644249200820923, -1.6799162864685058, -0.7974595546722412, -0.04703250527381897, -3.4692215490341187, 3.1258888914436103, 1.4295695400238038, -0.012998814880847932, -1.9040927028656007, 0.5644650936126709]
base_linear_velocity: [0.0, 0.0, 0.0]
base_angular_velocity: [0.0, 0.0, 0.0]
projected_gravity: [0.0, 0.0, -1.0]
commanded_vel: [0.0, 0.0, 0.0]
joint_positions: [-0.041091336309909826, 0.37912136912345884, -0.14773808643221856, -0.03942779600620269, -0.2730803728103638, -0.04533239603042605, -0.0743603467941285, -0.1444485545158387, 0.6749832630157471, 0.1833122968673706, 0.005251526832580566, 0.6058217287063599, -0.032953426241874695, -0.2179766845703126, -0.01723230361938466, -0.149803695678711, -0.012981826439499855, -0.374630274772644, 0.5168220400810242]
joint_velocity: [0.0, 0.0, 0.0, 0.0, 0.0, 0.0, 0.0, 0.0, 0.0, 0.0, 0.0, 0.0, 0.0, 0.0, 0.0, 0.0, 0.0, 0.0, 0.0]
last_action: [-0.2054566890001297, 1.8956068754196167, -0.7386904358863831, -0.1971389502286911, -1.3654017448425293, -0.22666196525096893, -0.37180158495903015, -0.7222428917884827, 3.3749163150787354, 0.916561484336853, 0.026257343590259552, 3.029108762741089, -0.16476713120937347, -1.08988356590271, -0.08616135269403458, -0.7490184307098389, -0.06490913033485413, -1.873151183128357, 2.5841102600097656]
shifted_action: [0.058908662199974066, 0.2791213750839233, -0.04773808717727662, -0.13942779004573824, 0.6269196510314942, 0.8546676069498063, 1.025639683008194, 0.9555514216423036, -0.8250167369842529, -1.3166877031326294, -1.4947485312819482, -0.8941782474517822, -0.032953426241874695, -3.347976713180542, 3.112767729461193, 1.4101963138580322, -0.012981826066970827, -1.9346302366256714, 0.5168220520019532]
base_linear_velocity: [0.0, 0.0, 0.0]
base_angular_velocity: [0.0, 0.0, 0.0]
projected_gravity: [0.0, 0.0, -1.0]
commanded_vel: [0.0, 0.0, 0.0]
joint_positions: [-0.04499484449625016, 0.5342246651649475, -0.09984920024871827, -0.23209499716758727, -0.18627055883407595, -0.10704180002212527, -0.05801460742950448, -0.03717515468597421, 0.3535497188568115, 0.5049686431884766, 0.280920147895813, 0.23916912078857422, -0.02607247605919838, -0.2543238353729249, 0.0411421012878419, -0.15033679962158208, -0.008740924298763275, -0.459662857055664, 0.5348478555679321]
joint_velocity: [0.0, 0.0, 0.0, 0.0, 0.0, 0.0, 0.0, 0.0, 0.0, 0.0, 0.0, 0.0, 0.0, 0.0, 0.0, 0.0, 0.0, 0.0, 0.0]
last_action: [-0.22497421503067017, 2.6711232662200928, -0.4992460012435913, -1.1604750156402588, -0.9313527941703796, -0.5352088809013367, -0.29007288813591003, -0.18587589263916016, 1.767748475074768, 2.524843215942383, 1.404600739479065, 1.195845365524292, -0.1303623765707016, -1.2716187238693237, 0.20571036636829376, -0.7516837120056152, -0.043704621493816376, -2.298314332962036, 2.674239158630371]
shifted_action: [0.05500515699386597, 0.4342246532440186, 0.00015079975128173828, -0.33209500312805174, 0.7137294411659241, 0.7929582238197327, 1.041985422372818, 1.062824821472168, -1.1464503049850463, -0.9950313568115234, -1.219079852104187, -1.2608309268951416, -0.026072475314140323, -3.3843237447738646, 3.171142073273659, 1.409663257598877, -0.008740924298763275, -2.0196628665924075, 0.5348478317260742]
base_linear_velocity: [0.0, 0.0, 0.0]
base_angular_velocity: [0.0, 0.0, 0.0]
projected_gravity: [0.0, 0.0, -1.0]
commanded_vel: [0.0, 0.0, 0.0]
joint_positions: [-0.08958241939544678, 0.6652667284011841, -0.010871267318725591, -0.3965707659721375, -0.006368839740753196, -0.11009522676467898, 0.11683835983276358, -0.002457594871521085, -0.214066743850708, 0.8181313276290894, 0.405393123626709, -0.3141394853591919, -0.0819399431347847, -0.6010245037078858, 0.14036428451538097, -0.18023460865020757, 0.0037158045452088118, -0.60408371925354, 0.6061848402023315]
joint_velocity: [0.0, 0.0, 0.0, 0.0, 0.0, 0.0, 0.0, 0.0, 0.0, 0.0, 0.0, 0.0, 0.0, 0.0, 0.0, 0.0, 0.0, 0.0, 0.0]
last_action: [-0.4479120969772339, 3.32633376121521, -0.054356325417757034, -1.982853889465332, -0.0318441167473793, -0.5504761934280396, 0.5841919183731079, -0.012288250029087067, -1.070333480834961, 4.090656757354736, 2.026965618133545, -1.5706976652145386, -0.4096997082233429, -3.005121946334839, 0.7018213868141174, -0.9011728167533875, 0.018579022958874702, -3.020419120788574, 3.0309243202209473]
shifted_action: [0.010417580604553223, 0.565266752243042, 0.0891287349164486, -0.4965707778930665, 0.8936311766505242, 0.7899047613143921, 1.2168383836746217, 1.0975423499941828, -1.7140666961669921, -0.6818686485290527, -1.094606876373291, -1.8141395330429078, -0.08193994164466858, -3.7310243892669677, 3.270364277362823, 1.3797654366493226, 0.0037158045917749408, -2.164083824157715, 0.6061848640441895]
base_linear_velocity: [0.0, 0.0, 0.0]
base_angular_velocity: [0.0, 0.0, 0.0]
projected_gravity: [0.0, 0.0, -1.0]
commanded_vel: [0.0, 0.0, 0.0]
joint_positions: [-0.20397732257843018, 0.6648084878921509, 0.0070675179362297, -0.45617362260818484, -0.011483097076416038, -0.10673203468322756, 0.11781218051910392, -0.1478684902191163, -0.3754556179046631, 0.9398638010025024, 0.4090578556060791, -0.4775998592376709, -0.08247300982475281, -0.914999122619629, 0.15843998908996593, -0.156853256225586, -0.009766404516994953, -0.5831550979614257, 0.6697081327438354]
joint_velocity: [0.0, 0.0, 0.0, 0.0, 0.0, 0.0, 0.0, 0.0, 0.0, 0.0, 0.0, 0.0, 0.0, 0.0, 0.0, 0.0, 0.0, 0.0, 0.0]
last_action: [-1.0198866128921509, 3.324042320251465, 0.03533758223056793, -2.2808680534362793, -0.05741539224982262, -0.5336600542068481, 0.5890610218048096, -0.7393423318862915, -1.8772780895233154, 4.699318885803223, 2.0452895164489746, -2.3879995346069336, -0.41236504912376404, -4.574995040893555, 0.79220050573349, -0.7842662334442139, -0.04883202165365219, -2.9157755374908447, 3.3485405445098877]
shifted_action: [-0.10397732257843018, 0.5648084640502931, 0.10706751644611359, -0.5561736106872559, 0.8885169215500355, 0.7932679891586304, 1.217812204360962, 0.9521315336227418, -1.875455617904663, -0.5601362228393554, -1.090942096710205, -1.9775999069213868, -0.08247300982475281, -4.044999008178711, 3.2884401011466977, 1.4031467533111572, -0.009766404330730439, -2.143155107498169, 0.6697081089019776]
base_linear_velocity: [0.0, 0.0, 0.0]
base_angular_velocity: [0.0, 0.0, 0.0]
projected_gravity: [0.0, 0.0, -1.0]
commanded_vel: [0.0, 0.0, 0.0]
joint_positions: [-0.20157990455627442, 0.5997316896915436, -0.02359426617622376, -0.4636279582977295, -0.02825375795364382, -0.08565344810485842, 0.11768558025360099, -0.20205674171447763, -0.3897167444229126, 0.9288476705551147, 0.4161893129348755, -0.49021315574645996, -0.06746922433376312, -1.0138555717468263, 0.16980802536010753, -0.11890333652496343, -0.017139781266450882, -0.5644986057281494, 0.6915178894996643]
joint_velocity: [0.0, 0.0, 0.0, 0.0, 0.0, 0.0, 0.0, 0.0, 0.0, 0.0, 0.0, 0.0, 0.0, 0.0, 0.0, 0.0, 0.0, 0.0, 0.0]
last_action: [-1.007899522781372, 2.9986584186553955, -0.11797131597995758, -2.3181397914886475, -0.1412687748670578, -0.42826709151268005, 0.5884279608726501, -1.0102835893630981, -1.9485836029052734, 4.644238471984863, 2.080946445465088, -2.451066017150879, -0.3373461067676544, -5.069277286529541, 0.8490397334098816, -0.5945165753364563, -0.08569891005754471, -2.822493314743042, 3.4575893878936768]
shifted_action: [-0.10157990455627441, 0.4997316837310791, 0.07640573680400849, -0.5636279582977295, 0.8717462450265885, 0.814346581697464, 1.2176855921745302, 0.8979432821273805, -1.8897167205810548, -0.5711523056030273, -1.0838107109069823, -1.9902132034301758, -0.06746922135353088, -4.143855457305908, 3.2998079466819763, 1.4410966849327087, -0.017139782011508942, -2.1244986629486085, 0.6915178775787354]
base_linear_velocity: [0.0, 0.0, 0.0]
base_angular_velocity: [0.0, 0.0, 0.0]
projected_gravity: [0.0, 0.0, -1.0]
commanded_vel: [0.0, 0.0, 0.0]
joint_positions: [-0.1727233737707138, 0.5636876583099365, -0.038968069851398474, -0.4574758052825928, -0.03301360607147219, -0.058272027969360374, 0.13147237300872794, -0.2175653338432313, -0.36751508712768555, 0.8826223611831665, 0.4213840961456299, -0.46673643589019775, -0.06663307547569275, -1.0307694625854493, 0.17781960487365733, -0.11031526088714605, -0.020808931440114975, -0.5799798393249511, 0.7073593735694885]
joint_velocity: [0.0, 0.0, 0.0, 0.0, 0.0, 0.0, 0.0, 0.0, 0.0, 0.0, 0.0, 0.0, 0.0, 0.0, 0.0, 0.0, 0.0, 0.0, 0.0]
last_action: [-0.8636168837547302, 2.8184382915496826, -0.19484034180641174, -2.287379026412964, -0.16506798565387726, -0.29136016964912415, 0.6573618054389954, -1.0878267288208008, -1.8375755548477173, 4.413111686706543, 2.1069202423095703, -2.333682060241699, -0.33316537737846375, -5.153848171234131, 0.8890984058380127, -0.5515760183334351, -0.10404465347528458, -2.89989972114563, 3.536796808242798]
shifted_action: [-0.07272337675094606, 0.4636876583099365, 0.06103193163871765, -0.5574758052825928, 0.8669864028692246, 0.8417279660701752, 1.2314723610877991, 0.8824346542358399, -1.8675151109695434, -0.6173776626586913, -1.078615951538086, -1.96673641204834, -0.06663307547569275, -4.160769634246826, 3.3078196811676026, 1.449684796333313, -0.020808930695056918, -2.1399799442291263, 0.7073593616485596]
base_linear_velocity: [0.0, 0.0, 0.0]
base_angular_velocity: [0.0, 0.0, 0.0]
projected_gravity: [0.0, 0.0, -1.0]
commanded_vel: [0.0, 0.0, 0.0]
joint_positions: [-0.1501941330730915, 0.5576641023159027, -0.028622357547283178, -0.452385687828064, -0.0359294652938843, -0.04474761486053469, 0.15095546245574942, -0.2235935091972352, -0.32443201541900635, 0.8263271450996399, 0.4149857759475708, -0.42894983291625977, -0.07055644690990448, -1.0369359207153321, 0.18117677688598643, -0.10871010780334478, -0.024826116859912872, -0.6022662544250488, 0.7311230897903442]
joint_velocity: [0.0, 0.0, 0.0, 0.0, 0.0, 0.0, 0.0, 0.0, 0.0, 0.0, 0.0, 0.0, 0.0, 0.0, 0.0, 0.0, 0.0, 0.0, 0.0]
last_action: [-0.7509706616401672, 2.788320541381836, -0.14311178028583527, -2.2619285583496094, -0.17964737117290497, -0.22373822331428528, 0.7547773122787476, -1.1179674863815308, -1.6221600770950317, 4.131635665893555, 2.0749287605285645, -2.1447489261627197, -0.3527822494506836, -5.184680461883545, 0.9058833122253418, -0.5435506105422974, -0.12413058429956436, -3.011331558227539, 3.6556155681610107]
shifted_action: [-0.050194132328033464, 0.4576641082763673, 0.07137764394283296, -0.5523857116699219, 0.864070525765419, 0.8552523553371429, 1.2509554624557495, 0.8764065027236939, -1.8244320154190063, -0.673672866821289, -1.085014247894287, -1.928949785232544, -0.07055644989013672, -4.166936092376709, 3.3111766624450683, 1.4512898778915406, -0.024826116859912872, -2.162266311645508, 0.7311231136322022]
base_linear_velocity: [0.0, 0.0, 0.0]
base_angular_velocity: [0.0, 0.0, 0.0]
projected_gravity: [0.0, 0.0, -1.0]
commanded_vel: [0.0, 0.0, 0.0]
joint_positions: [-0.12745234966278077, 0.5558717608451843, -0.004858954250812536, -0.44602432250976565, -0.04308726787567141, -0.03749217987060549, 0.1770204544067382, -0.23207584619522104, -0.25812697410583496, 0.7471945881843567, 0.39517998695373535, -0.3732771873474121, -0.07574594020843506, -1.049701328277588, 0.1834150505065919, -0.10225540161132818, -0.03086785040795803, -0.6244613552093505, 0.7650012373924255]
joint_velocity: [0.0, 0.0, 0.0, 0.0, 0.0, 0.0, 0.0, 0.0, 0.0, 0.0, 0.0, 0.0, 0.0, 0.0, 0.0, 0.0, 0.0, 0.0, 0.0]
last_action: [-0.6372617483139038, 2.7793588638305664, -0.024294782429933548, -2.230121612548828, -0.21543647348880768, -0.1874610036611557, 0.8851021528244019, -1.1603792905807495, -1.2906349897384644, 3.7359728813171387, 1.9759000539779663, -1.8663861751556396, -0.3787297010421753, -5.248505592346191, 0.9170753359794617, -0.5112770795822144, -0.1543392539024353, -3.1223063468933105, 3.8250062465667725]
shifted_action: [-0.02745234966278076, 0.45587177276611335, 0.0951410435140133, -0.5460243225097656, 0.8569127053022385, 0.8625077992677689, 1.2770204305648805, 0.8679241418838501, -1.7581269979476928, -0.7528054237365722, -1.1048199892044068, -1.873277235031128, -0.07574594020843506, -4.1797011184692385, 3.3134150671958924, 1.4577445840835572, -0.030867850780487063, -2.1844612693786623, 0.7650012493133546]
base_linear_velocity: [0.0, 0.0, 0.0]
base_angular_velocity: [0.0, 0.0, 0.0]
projected_gravity: [0.0, 0.0, -1.0]
commanded_vel: [0.0, 0.0, 0.0]
joint_positions: [-0.08588052392005921, 0.5355591237545013, 0.03477939367294311, -0.42488458156585696, -0.06025108098983767, -0.02266427278518679, 0.21527280807495108, -0.2513182520866395, -0.13598871231079102, 0.5939100980758667, 0.3504824638366699, -0.26953816413879395, -0.08633720874786377, -1.0721303176879884, 0.18418824195861827, -0.08847898006439214, -0.040171049535274506, -0.6486448669433593, 0.8168720006942749]
joint_velocity: [0.0, 0.0, 0.0, 0.0, 0.0, 0.0, 0.0, 0.0, 0.0, 0.0, 0.0, 0.0, 0.0, 0.0, 0.0, 0.0, 0.0, 0.0, 0.0]
last_action: [-0.429402619600296, 2.677795648574829, 0.17389699816703796, -2.124422788619995, -0.30125534534454346, -0.11332149058580399, 1.0763639211654663, -1.2565913200378418, -0.6799434423446655, 2.969550371170044, 1.7524120807647705, -1.3476907014846802, -0.43168604373931885, -5.360652446746826, 0.9209412336349487, -0.44239476323127747, -0.20085525512695312, -3.243224620819092, 4.084360122680664]
shifted_action: [0.014119476079940796, 0.4355591297149659, 0.1347793996334076, -0.524884557723999, 0.8397489309310914, 0.8773357018828393, 1.3152727842330934, 0.8486817359924317, -1.6359886884689332, -0.9060899257659912, -1.149517583847046, -1.7695381402969361, -0.08633720874786377, -4.202130489349365, 3.3141882467269896, 1.4715210473537446, -0.040171051025390626, -2.2086449241638184, 0.8168720245361328]
base_linear_velocity: [0.0, 0.0, 0.0]
base_angular_velocity: [0.0, 0.0, 0.0]
projected_gravity: [0.0, 0.0, -1.0]
commanded_vel: [0.0, 0.0, 0.0]
joint_positions: [0.009191060066223139, 0.4366355001926422, 0.10576976239681243, -0.3184253215789795, -0.10926576852798464, 0.03748044967651365, 0.29915359020233145, -0.28787330389022836, 0.14166486263275146, 0.19954538345336914, 0.19328689575195312, 0.020090579986572266, -0.1303882896900177, -1.1144849014282228, 0.15929781913757335, -0.060347971916198784, -0.04141591861844063, -0.6428119564056396, 0.8848910331726074]
joint_velocity: [0.0, 0.0, 0.0, 0.0, 0.0, 0.0, 0.0, 0.0, 0.0, 0.0, 0.0, 0.0, 0.0, 0.0, 0.0, 0.0, 0.0, 0.0, 0.0]
last_action: [0.04595530033111572, 2.1831774711608887, 0.5288488268852234, -1.5921266078948975, -0.5463287234306335, 0.18740229308605194, 1.4957678318023682, -1.4393664598464966, 0.7083243131637573, 0.99772709608078, 0.9664345979690552, 0.10045310109853745, -0.6519414186477661, -5.572425365447998, 0.7964888215065002, -0.301739901304245, -0.20707958936691284, -3.214059591293335, 4.424455165863037]
shifted_action: [0.10919106006622314, 0.33663549423217776, 0.2057697653770447, -0.4184253215789795, 0.7907342553138733, 0.9374804586172104, 1.3991535663604737, 0.8121267080307008, -1.3583351373672485, -1.300454580783844, -1.306713080406189, -1.4799093797802925, -0.13038828372955322, -4.244485073089599, 3.2892977643013, 1.499652019739151, -0.04141591787338257, -2.202811918258667, 0.8848910331726074]
base_linear_velocity: [0.0, 0.0, 0.0]
base_angular_velocity: [0.0, 0.0, 0.0]
projected_gravity: [0.0, 0.0, -1.0]
commanded_vel: [0.0, 0.0, 0.0]
joint_positions: [0.07939895391464233, 0.22306687980890275, -0.0034698009490966852, 0.038014317303895956, -0.1253568768501282, 0.11997911930084226, 0.373344326019287, -0.22149524688720712, 0.5511130094528198, -0.3657294511795044, -0.16710877418518066, 0.5204222798347473, -0.08063985407352448, -0.9225078773498536, 0.08389508247375499, -0.0662240362167359, 0.004211488179862499, -0.4810270690917968, 0.8252882957458496]
joint_velocity: [0.0, 0.0, 0.0, 0.0, 0.0, 0.0, 0.0, 0.0, 0.0, 0.0, 0.0, 0.0, 0.0, 0.0, 0.0, 0.0, 0.0, 0.0, 0.0]
last_action: [0.39699479937553406, 1.115334391593933, -0.017349006608128548, 0.19007158279418945, -0.6267843842506409, 0.5998955368995667, 1.8667218685150146, -1.1074763536453247, 2.7555651664733887, -1.828647255897522, -0.8355438113212585, 2.602111339569092, -0.4031992554664612, -4.612540245056152, 0.4194756746292114, -0.33112022280693054, 0.02105743996798992, -2.4051353931427, 4.126441478729248]
shifted_action: [0.17939895987510682, 0.12306687831878663, 0.0965301986783743, -0.061985683441162114, 0.7746431231498718, 1.0199791073799134, 1.473344373703003, 0.8785047292709351, -0.9488869667053222, -1.8657294511795044, -1.6671087622642518, -0.9795777320861816, -0.08063985109329225, -4.05250804901123, 3.213895134925842, 1.4937759554386139, 0.004211487993597984, -2.0410270786285403, 0.8252882957458496]
base_linear_velocity: [0.0, 0.0, 0.0]
base_angular_velocity: [0.0, 0.0, 0.0]
projected_gravity: [0.0, 0.0, -1.0]
commanded_vel: [0.0, 0.0, 0.0]
joint_positions: [0.028723308444023127, 0.12909386157989503, -0.18488640934228898, 0.2097712516784668, -0.13331642150878908, 0.06088564395904539, 0.2089350461959838, -0.18532673120498666, 0.7034615874290466, -0.306504487991333, -0.26718688011169434, 0.7070532441139221, -0.043243374675512314, -0.6046537113189698, 0.030766839981079208, -0.10395544528961187, -0.007035997696220875, -0.3458618545532226, 0.6788324117660522]
joint_velocity: [0.0, 0.0, 0.0, 0.0, 0.0, 0.0, 0.0, 0.0, 0.0, 0.0, 0.0, 0.0, 0.0, 0.0, 0.0, 0.0, 0.0, 0.0, 0.0]
last_action: [0.14361651241779327, 0.6454693078994751, -0.9244320392608643, 1.048856258392334, -0.6665821075439453, 0.3044281601905823, 1.0446751117706299, -0.9266335368156433, 3.517307996749878, -1.5325226783752441, -1.3359346389770508, 3.535266160964966, -0.21621687710285187, -3.023268699645996, 0.15383431315422058, -0.5197771787643433, -0.0351799875497818, -1.729309320449829, 3.394162178039551]
shifted_action: [0.12872330248355868, 0.02909386157989502, -0.08488640785217286, 0.1097712516784668, 0.7666835784912109, 0.9608856320381165, 1.308935022354126, 0.9146732926368715, -0.7965384006500243, -1.8065045356750489, -1.7671869277954102, -0.7929467678070068, -0.04324337542057038, -3.734653739929199, 3.160766862630844, 1.4560445642471314, -0.0070359975099563606, -1.9058618640899658, 0.6788324356079102]
base_linear_velocity: [0.0, 0.0, 0.0]
base_angular_velocity: [0.0, 0.0, 0.0]
projected_gravity: [0.0, 0.0, -1.0]
commanded_vel: [0.0, 0.0, 0.0]
joint_positions: [-0.016196942329406744, 0.22202493846416474, -0.18924921602010727, 0.12332117594778538, -0.21618279218673708, 0.021337068080902077, 0.05113031864166251, -0.17073259353637704, 0.7382386326789856, -0.0920947790145874, -0.19626832008361816, 0.7081089019775391, -0.04725668951869011, -0.3618780326843263, -0.0006333637237547762, -0.1275735473632813, -0.01273808628320694, -0.3408911848068237, 0.5737255811691284]
joint_velocity: [0.0, 0.0, 0.0, 0.0, 0.0, 0.0, 0.0, 0.0, 0.0, 0.0, 0.0, 0.0, 0.0, 0.0, 0.0, 0.0, 0.0, 0.0, 0.0]
last_action: [-0.0809846967458725, 1.1101247072219849, -0.9462460875511169, 0.6166058778762817, -1.0809139013290405, 0.1066853255033493, 0.25565168261528015, -0.85366290807724, 3.691193103790283, -0.4604736268520355, -0.9813417196273804, 3.5405445098876953, -0.23628345131874084, -1.8093900680541992, -0.0031671039760112762, -0.6378674507141113, -0.0636904314160347, -1.7044557332992554, 2.8686277866363525]
shifted_action: [0.0838030606508255, 0.12202494144439699, -0.08924921751022338, 0.023321175575256342, 0.6838172197341919, 0.9213370651006699, 1.151130336523056, 0.9292674183845521, -0.7617613792419433, -1.5920947253704072, -1.696268343925476, -0.7918910980224609, -0.04725669026374817, -3.49187801361084, 3.1293665792047975, 1.4324265098571778, -0.01273808628320694, -1.900891146659851, 0.5737255573272705]
base_linear_velocity: [0.0, 0.0, 0.0]
base_angular_velocity: [0.0, 0.0, 0.0]
projected_gravity: [0.0, 0.0, -1.0]
commanded_vel: [0.0, 0.0, 0.0]
joint_positions: [-0.03994485214352608, 0.36705601811408994, -0.15096080154180527, -0.02678650021553039, -0.2717924952507019, -0.039838635921478294, -0.06711230278015146, -0.1476313829421998, 0.6847997903823853, 0.16117167472839355, -0.012912273406982422, 0.6188507080078125, -0.034326013177633286, -0.2235282611846925, -0.017780666351318253, -0.14885943889617925, -0.012478120625019073, -0.3719403171539306, 0.519051194190979]
joint_velocity: [0.0, 0.0, 0.0, 0.0, 0.0, 0.0, 0.0, 0.0, 0.0, 0.0, 0.0, 0.0, 0.0, 0.0, 0.0, 0.0, 0.0, 0.0, 0.0]
last_action: [-0.1997242569923401, 1.8352800607681274, -0.7548040151596069, -0.1339324712753296, -1.3589625358581543, -0.19919317960739136, -0.3355615735054016, -0.7381569743156433, 3.423999071121216, 0.8058581352233887, -0.0645613893866539, 3.0942535400390625, -0.17163006961345673, -1.117640733718872, -0.0889028012752533, -0.7442972660064697, -0.06239060312509537, -1.8597016334533691, 2.5952560901641846]
shifted_action: [0.06005514860153199, 0.2670560121536255, -0.05096080303192138, -0.12678649425506594, 0.6282074928283692, 0.8601613640785217, 1.0328876852989197, 0.9523686051368714, -0.8152001857757568, -1.3388283729553223, -1.5129122778773307, -0.8811492919921875, -0.03432601392269135, -3.3535281467437743, 3.1122194397449494, 1.4111405467987062, -0.012478120625019073, -1.9319403266906738, 0.5190512180328369]
base_linear_velocity: [0.0, 0.0, 0.0]
base_angular_velocity: [0.0, 0.0, 0.0]
projected_gravity: [0.0, 0.0, -1.0]
commanded_vel: [0.0, 0.0, 0.0]
joint_positions: [-0.047286285459995275, 0.5221004545688629, -0.10518645066767932, -0.21611442565917968, -0.20151659250259402, -0.10252454280853274, -0.06918082237243661, -0.05063984394073495, 0.39862871170043945, 0.47780847549438477, 0.25730299949645996, 0.2839564085006714, -0.024627750739455223, -0.24116503715515147, 0.03242408752441417, -0.14918464183807378, -0.010775649920105934, -0.4479257488250732, 0.5288247466087341]
joint_velocity: [0.0, 0.0, 0.0, 0.0, 0.0, 0.0, 0.0, 0.0, 0.0, 0.0, 0.0, 0.0, 0.0, 0.0, 0.0, 0.0, 0.0, 0.0, 0.0]
last_action: [-0.23643141984939575, 2.610502243041992, -0.525932252407074, -1.0805721282958984, -1.0075830221176147, -0.5126227736473083, -0.3459043502807617, -0.2531994581222534, 1.9931435585021973, 2.3890421390533447, 1.2865148782730103, 1.419782280921936, -0.12313875555992126, -1.2058253288269043, 0.16212058067321777, -0.7459229826927185, -0.05387824773788452, -2.239629030227661, 2.6441237926483154]
shifted_action: [0.05271371603012085, 0.42210044860839846, -0.005186450481414792, -0.3161144256591797, 0.6984833955764771, 0.7974754452705384, 1.0308191299438478, 1.0493601083755495, -1.1013712882995605, -1.022191572189331, -1.2426970243453979, -1.2160435438156127, -0.024627751111984255, -3.3711650657653807, 3.1624241161346434, 1.4108154034614564, -0.010775649547576906, -2.0079258060455323, 0.5288247585296632]
base_linear_velocity: [0.0, 0.0, 0.0]
base_angular_velocity: [0.0, 0.0, 0.0]
projected_gravity: [0.0, 0.0, -1.0]
commanded_vel: [0.0, 0.0, 0.0]
joint_positions: [-0.07461597248911858, 0.6578950047492981, -0.01663778573274613, -0.3873837232589722, -0.012390339374542259, -0.11291989088058474, 0.11003913879394522, 0.012083077430725009, -0.18357539176940918, 0.7972453236579895, 0.405595064163208, -0.28306007385253906, -0.07625898718833923, -0.5625361156463624, 0.13674270629882823, -0.17787760257720953, 0.004989397246390581, -0.5971459770202636, 0.5983121395111084]
joint_velocity: [0.0, 0.0, 0.0, 0.0, 0.0, 0.0, 0.0, 0.0, 0.0, 0.0, 0.0, 0.0, 0.0, 0.0, 0.0, 0.0, 0.0, 0.0, 0.0]
last_action: [-0.3730798661708832, 3.2894749641418457, -0.08318892121315002, -1.9369186162948608, -0.06195179373025894, -0.5645993947982788, 0.5501956343650818, 0.060415394604206085, -0.9178767204284668, 3.9862265586853027, 2.027975082397461, -1.4153006076812744, -0.38129493594169617, -2.812680244445801, 0.6837131977081299, -0.8893882036209106, 0.02494698576629162, -2.985729455947876, 2.991560697555542]
shifted_action: [0.025384026765823367, 0.5578949928283692, 0.08336221575737, -0.48738372325897217, 0.8876096412539483, 0.7870801210403442, 1.2100391268730164, 1.1120830789208414, -1.6835753440856933, -0.7027546882629394, -1.0944049835205079, -1.783060121536255, -0.07625898718833923, -3.69253604888916, 3.2667426395416257, 1.3821223592758178, 0.004989397153258324, -2.1571458911895753, 0.5983121395111084]
base_linear_velocity: [0.0, 0.0, 0.0]
base_angular_velocity: [0.0, 0.0, 0.0]
projected_gravity: [0.0, 0.0, -1.0]
commanded_vel: [0.0, 0.0, 0.0]
joint_positions: [-0.19802663326263428, 0.671406364440918, 0.009516993165016169, -0.4528472661972046, -0.00879945755004885, -0.10751339197158816, 0.11974253654479972, -0.13626632690429696, -0.36735761165618896, 0.9339715838432312, 0.408001184463501, -0.46941566467285156, -0.08543502539396286, -0.891434783935547, 0.15715705871582042, -0.16308253765106207, -0.008448434062302113, -0.5889818096160888, 0.6655387282371521]
joint_velocity: [0.0, 0.0, 0.0, 0.0, 0.0, 0.0, 0.0, 0.0, 0.0, 0.0, 0.0, 0.0, 0.0, 0.0, 0.0, 0.0, 0.0, 0.0, 0.0]
last_action: [-0.9901331663131714, 3.35703182220459, 0.04758494719862938, -2.2642362117767334, -0.043997325003147125, -0.5375669598579407, 0.5987127423286438, -0.6813316941261292, -1.8367880582809448, 4.669857978820801, 2.040005683898926, -2.347078323364258, -0.4271751344203949, -4.457174777984619, 0.7857850790023804, -0.8154125809669495, -0.04224216938018799, -2.944908857345581, 3.3276937007904053]
shifted_action: [-0.09802663326263428, 0.5714063644409181, 0.10951698943972588, -0.5528472423553467, 0.8912005349993706, 0.7924866080284119, 1.219742548465729, 0.9637336611747742, -1.867357611656189, -0.5660284042358398, -1.0919988632202149, -1.9694156646728516, -0.08543502688407899, -4.0214349555969235, 3.287157015800476, 1.39691748380661, -0.008448433876037598, -2.148981771469116, 0.6655387401580811]
base_linear_velocity: [0.0, 0.0, 0.0]
base_angular_velocity: [0.0, 0.0, 0.0]
projected_gravity: [0.0, 0.0, -1.0]
commanded_vel: [0.0, 0.0, 0.0]
joint_positions: [-0.20372455418109894, 0.6047468543052673, -0.020923151075840002, -0.4639156699180603, -0.027438008785247825, -0.08825274705886843, 0.11701776981353751, -0.199572777748108, -0.39020466804504395, 0.9317874908447266, 0.41541504859924316, -0.491030216217041, -0.06807463616132736, -1.0102120590209962, 0.16887914657592784, -0.12074774265289312, -0.01674836501479149, -0.5643913173675537, 0.6903451681137085]
joint_velocity: [0.0, 0.0, 0.0, 0.0, 0.0, 0.0, 0.0, 0.0, 0.0, 0.0, 0.0, 0.0, 0.0, 0.0, 0.0, 0.0, 0.0, 0.0, 0.0]
last_action: [-1.0186227560043335, 3.0237343311309814, -0.10461575537919998, -2.3195784091949463, -0.137190043926239, -0.4412638247013092, 0.5850889086723328, -0.99786376953125, -1.9510235786437988, 4.658937454223633, 2.077075481414795, -2.455150842666626, -0.3403731882572174, -5.051060676574707, 0.8443957567214966, -0.6037387847900391, -0.08374182134866714, -2.8219571113586426, 3.451725721359253]
shifted_action: [-0.10372455120086671, 0.5047468662261964, 0.07907684892416, -0.5639156818389893, 0.8725619912147522, 0.8117472350597381, 1.2170177817344667, 0.9004272460937501, -1.8902047157287598, -0.5682125091552734, -1.084584903717041, -1.9910301685333252, -0.06807463765144349, -4.1402121353149415, 3.298879151344299, 1.4392522430419923, -0.016748364269733428, -2.124391422271729, 0.6903451442718507]